%YAML:1.0
---
points: [ 1.34203491e+02, 1.04538055e+02, 1.60778564e+02, 1.07848495e+02,
    1.86056473e+02, 1.11738014e+02, 2.10229416e+02, 1.14712273e+02,
    2.33270508e+02, 1.17859589e+02, 2.54763382e+02, 1.20567673e+02,
    2.75663788e+02, 1.23592644e+02, 2.95433960e+02, 1.26137238e+02,
    3.14905731e+02, 1.28658981e+02, 1.33013947e+02, 1.29415527e+02,
    1.59676071e+02, 1.32850891e+02, 1.85065033e+02, 1.35606415e+02,
    2.09321594e+02, 1.38623184e+02, 2.32236954e+02, 1.41007065e+02,
    2.54302582e+02, 1.43414627e+02, 2.75208923e+02, 1.45706650e+02,
    2.95247925e+02, 1.47934799e+02, 3.14305695e+02, 1.49810654e+02,
    1.32059113e+02, 1.55430237e+02, 1.59054306e+02, 1.57588715e+02,
    1.84245605e+02, 1.59944839e+02, 2.08749313e+02, 1.62184143e+02,
    2.31754410e+02, 1.64160278e+02, 2.53480423e+02, 1.66161743e+02,
    2.74640442e+02, 1.68151917e+02, 2.94745544e+02, 1.69556900e+02,
    3.14210724e+02, 1.71223083e+02, 1.30971725e+02, 1.81209137e+02,
    1.58007599e+02, 1.83092896e+02, 1.83652176e+02, 1.84656601e+02,
    2.08214706e+02, 1.86192520e+02, 2.31271988e+02, 1.87717041e+02,
    2.53135712e+02, 1.89187210e+02, 2.74269501e+02, 1.90351624e+02,
    2.94333771e+02, 1.91543900e+02, 3.14021149e+02, 1.92752274e+02,
    1.30100739e+02, 2.08099731e+02, 1.56922928e+02, 2.08122528e+02,
    1.82726700e+02, 2.09491241e+02, 2.07192764e+02, 2.10275146e+02,
    2.30439514e+02, 2.11235748e+02, 2.52462250e+02, 2.12012085e+02,
    2.73936829e+02, 2.12930496e+02, 2.94151917e+02, 2.13537903e+02,
    3.13658203e+02, 2.14393631e+02, 1.30300613e+02, 2.32394684e+02,
    1.55960220e+02, 2.34078293e+02, 1.82112045e+02, 2.34123962e+02,
    2.06422424e+02, 2.34432938e+02, 2.30264755e+02, 2.34816849e+02,
    2.52286392e+02, 2.35248138e+02, 2.73402313e+02, 2.35306717e+02,
    2.93951141e+02, 2.35833237e+02, 3.13368500e+02, 2.36074905e+02 ]
