%YAML:1.0
---
points: [ 6.43897171e+01, 9.83422012e+01, 8.85542145e+01, 9.58047409e+01,
    1.13205376e+02, 9.44808731e+01, 1.37318695e+02, 9.26140900e+01,
    1.61262131e+02, 9.03950424e+01, 1.85321869e+02, 8.90662384e+01,
    2.09269623e+02, 8.75389557e+01, 2.32868484e+02, 8.59129333e+01,
    2.56269623e+02, 8.43331528e+01, 6.42691956e+01, 1.20201202e+02,
    8.88885345e+01, 1.18411575e+02, 1.13448166e+02, 1.16656174e+02,
    1.38559952e+02, 1.14873650e+02, 1.63052505e+02, 1.12786087e+02,
    1.87188431e+02, 1.11301689e+02, 2.11319901e+02, 1.09783531e+02,
    2.35190384e+02, 1.08216423e+02, 2.58682556e+02, 1.05765762e+02,
    6.42321091e+01, 1.43707626e+02, 8.93887939e+01, 1.41197083e+02,
    1.14399170e+02, 1.39344803e+02, 1.39356033e+02, 1.37649979e+02,
    1.64416916e+02, 1.35570282e+02, 1.89127609e+02, 1.33813568e+02,
    2.13370392e+02, 1.32258545e+02, 2.37437668e+02, 1.29948502e+02,
    2.61106384e+02, 1.28265930e+02, 6.41940842e+01, 1.67002182e+02,
    8.97432556e+01, 1.65448730e+02, 1.15359894e+02, 1.62894348e+02,
    1.41101837e+02, 1.61261841e+02, 1.66154434e+02, 1.58876617e+02,
    1.91070740e+02, 1.57331558e+02, 2.15367661e+02, 1.54968811e+02,
    2.39887634e+02, 1.53303741e+02, 2.63777557e+02, 1.50743774e+02,
    6.41943359e+01, 1.91753616e+02, 9.02876892e+01, 1.89108398e+02,
    1.16110657e+02, 1.87374191e+02, 1.42216415e+02, 1.84854050e+02,
    1.67673431e+02, 1.82738327e+02, 1.92356842e+02, 1.80753540e+02,
    2.17733307e+02, 1.78376038e+02, 2.42207504e+02, 1.76176025e+02,
    2.66737671e+02, 1.74377045e+02, 6.41775818e+01, 2.16410751e+02,
    9.04959030e+01, 2.14288422e+02, 1.17113983e+02, 2.11694489e+02,
    1.43055359e+02, 2.09384598e+02, 1.69195480e+02, 2.06680145e+02,
    1.94632797e+02, 2.04597717e+02, 2.19625687e+02, 2.02201828e+02,
    2.44780670e+02, 2.00254166e+02, 2.69335327e+02, 1.97664841e+02 ]
