%YAML:1.0
---
points: [ 5.90939369e+01, 7.71763763e+01, 8.32214279e+01, 7.47599869e+01,
    1.07240906e+02, 7.32034073e+01, 1.31472549e+02, 7.11413193e+01,
    1.55680679e+02, 6.93654175e+01, 1.79581741e+02, 6.77260132e+01,
    2.03849960e+02, 6.63505478e+01, 2.27562134e+02, 6.46579056e+01,
    2.51163589e+02, 6.33189468e+01, 5.92799530e+01, 9.97429428e+01,
    8.40133820e+01, 9.77465744e+01, 1.08314529e+02, 9.56449966e+01,
    1.33116669e+02, 9.42605667e+01, 1.57348984e+02, 9.20286942e+01,
    1.81602554e+02, 9.05261688e+01, 2.05616776e+02, 8.88406525e+01,
    2.29579163e+02, 8.73415985e+01, 2.53215683e+02, 8.57215500e+01,
    6.02527008e+01, 1.23136856e+02, 8.46888504e+01, 1.20822868e+02,
    1.09819252e+02, 1.19394653e+02, 1.34288071e+02, 1.17189758e+02,
    1.59108475e+02, 1.15386330e+02, 1.83278778e+02, 1.13855537e+02,
    2.08176208e+02, 1.12393806e+02, 2.31543732e+02, 1.10247963e+02,
    2.55527664e+02, 1.08383118e+02, 6.05503235e+01, 1.46829788e+02,
    8.58364182e+01, 1.45117905e+02, 1.11071777e+02, 1.42757141e+02,
    1.36081650e+02, 1.41161118e+02, 1.61024689e+02, 1.38817169e+02,
    1.85306458e+02, 1.37233582e+02, 2.09829910e+02, 1.35643631e+02,
    2.33941177e+02, 1.33447464e+02, 2.57733002e+02, 1.31782974e+02,
    6.14504013e+01, 1.71134537e+02, 8.67058640e+01, 1.68852264e+02,
    1.12270676e+02, 1.67063583e+02, 1.37469223e+02, 1.64863098e+02,
    1.63007538e+02, 1.63058456e+02, 1.87265106e+02, 1.60840881e+02,
    2.12093964e+02, 1.59250122e+02, 2.36289810e+02, 1.56759476e+02,
    2.60004150e+02, 1.55135803e+02, 6.23306656e+01, 1.95483597e+02,
    8.80222015e+01, 1.93551178e+02, 1.13508736e+02, 1.91035812e+02,
    1.39144409e+02, 1.89228928e+02, 1.64332031e+02, 1.86753021e+02,
    1.89187668e+02, 1.84753098e+02, 2.14231171e+02, 1.82739273e+02,
    2.38261124e+02, 1.80275131e+02, 2.62323273e+02, 1.78603287e+02 ]
