%YAML:1.0
---
points: [ 4.52471542e+01, 1.27297539e+02, 5.94760590e+01, 1.18740448e+02,
    7.45776520e+01, 1.09902710e+02, 9.01683884e+01, 1.00496246e+02,
    1.06244850e+02, 9.06451263e+01, 1.23645691e+02, 8.05774994e+01,
    1.42124481e+02, 7.02058487e+01, 1.61092468e+02, 5.90562172e+01,
    1.80981888e+02, 4.76979027e+01, 4.84181709e+01, 1.46265579e+02,
    6.30192719e+01, 1.38081497e+02, 7.83451538e+01, 1.29417236e+02,
    9.44585800e+01, 1.20497543e+02, 1.10934830e+02, 1.10934547e+02,
    1.28711594e+02, 1.01481873e+02, 1.47223221e+02, 9.11465759e+01,
    1.66812546e+02, 8.07531662e+01, 1.86767960e+02, 6.94045334e+01,
    5.17847939e+01, 1.65725479e+02, 6.67878571e+01, 1.57786240e+02,
    8.23860931e+01, 1.49622986e+02, 9.86299210e+01, 1.40895706e+02,
    1.15774361e+02, 1.32000275e+02, 1.33695160e+02, 1.22570213e+02,
    1.52880524e+02, 1.13027084e+02, 1.72279419e+02, 1.02495789e+02,
    1.93021484e+02, 9.19657822e+01, 5.52170525e+01, 1.85888702e+02,
    7.05334778e+01, 1.78315018e+02, 8.64131546e+01, 1.70392288e+02,
    1.03163589e+02, 1.62184891e+02, 1.20521538e+02, 1.53534088e+02,
    1.39017273e+02, 1.44710510e+02, 1.58140747e+02, 1.35307022e+02,
    1.78294006e+02, 1.25537743e+02, 1.99042999e+02, 1.15189400e+02,
    5.87532501e+01, 2.06229111e+02, 7.42835617e+01, 1.99029694e+02,
    9.06757507e+01, 1.91574524e+02, 1.07658508e+02, 1.83645813e+02,
    1.25515350e+02, 1.75479691e+02, 1.44101303e+02, 1.66736374e+02,
    1.64030762e+02, 1.57998093e+02, 1.84149246e+02, 1.48525848e+02,
    2.05813995e+02, 1.38802170e+02, 6.24335060e+01, 2.27053055e+02,
    7.82657242e+01, 2.20332260e+02, 9.48420639e+01, 2.13125397e+02,
    1.12288536e+02, 2.05634232e+02, 1.30334457e+02, 1.97710800e+02,
    1.49595688e+02, 1.89697601e+02, 1.69380386e+02, 1.81119385e+02,
    1.90535782e+02, 1.72296753e+02, 2.12122635e+02, 1.62703598e+02 ]
