%YAML:1.0
---
points: [ 9.53720016e+01, 1.30988556e+02, 1.11894333e+02, 1.22274780e+02,
    1.29302551e+02, 1.13510872e+02, 1.46979843e+02, 1.04075493e+02,
    1.65366806e+02, 9.44521332e+01, 1.84608765e+02, 8.44005432e+01,
    2.05060226e+02, 7.40970688e+01, 2.25780045e+02, 6.31382713e+01,
    2.47752853e+02, 5.17929840e+01, 1.00704590e+02, 1.50609146e+02,
    1.17707298e+02, 1.42448578e+02, 1.35138809e+02, 1.33779068e+02,
    1.53447510e+02, 1.24936447e+02, 1.71889999e+02, 1.15552490e+02,
    1.91713577e+02, 1.06010460e+02, 2.11889053e+02, 9.58820267e+01,
    2.33359772e+02, 8.54442215e+01, 2.55440720e+02, 7.40353928e+01,
    1.06248642e+02, 1.70774063e+02, 1.23539688e+02, 1.62736160e+02,
    1.41272049e+02, 1.54594131e+02, 1.59621109e+02, 1.45906097e+02,
    1.78765366e+02, 1.37074081e+02, 1.98417603e+02, 1.27724449e+02,
    2.19328247e+02, 1.18141953e+02, 2.40499252e+02, 1.07934830e+02,
    2.63503967e+02, 9.72331696e+01, 1.11843773e+02, 1.91225220e+02,
    1.29386353e+02, 1.83714188e+02, 1.47358475e+02, 1.75699341e+02,
    1.66166245e+02, 1.67457962e+02, 1.85323715e+02, 1.58794952e+02,
    2.05611633e+02, 1.50128036e+02, 2.26449081e+02, 1.40578125e+02,
    2.48309311e+02, 1.30881180e+02, 2.70887451e+02, 1.20531700e+02,
    1.17439178e+02, 2.12005661e+02, 1.35162888e+02, 2.04564758e+02,
    1.53618149e+02, 1.97060043e+02, 1.72521164e+02, 1.89008682e+02,
    1.92139725e+02, 1.80917160e+02, 2.12314926e+02, 1.72283615e+02,
    2.33897644e+02, 1.63483917e+02, 2.55721542e+02, 1.54079483e+02,
    2.79175659e+02, 1.44209641e+02, 1.22987083e+02, 2.32922256e+02,
    1.41127853e+02, 2.26006592e+02, 1.59697495e+02, 2.18591797e+02,
    1.78985443e+02, 2.11102448e+02, 1.98759293e+02, 2.03056976e+02,
    2.19392944e+02, 1.94854919e+02, 2.40898239e+02, 1.86362915e+02,
    2.63556427e+02, 1.77532700e+02, 2.86904663e+02, 1.68280731e+02 ]
