%YAML:1.0
---
cameraMatrix: !!opencv-matrix
   rows: 3
   cols: 3
   dt: d
   data: [ 1.0698637296125414e+03, 0., 9.7781513576216082e+02, 0.,
       1.0686570650119206e+03, 5.3723697583616149e+02, 0., 0., 1. ]
distortionCoefficients: !!opencv-matrix
   rows: 1
   cols: 5
   dt: d
   data: [ 6.9230941885029706e-02, -1.3027387848053945e-01,
       -9.7519633386483531e-04, 1.6040501699090073e-03,
       5.9247960008537492e-02 ]
rotation: !!opencv-matrix
   rows: 3
   cols: 3
   dt: d
   data: [ 1., 0., 0., 0., 1., 0., 0., 0., 1. ]
projection: !!opencv-matrix
   rows: 4
   cols: 4
   dt: d
   data: [ 1.0698637296125414e+03, 0., 9.7781513576216082e+02, 0., 0.,
       1.0686570650119206e+03, 5.3723697583616149e+02, 0., 0., 0., 1.,
       0., 0., 0., 0., 1. ]
